Ld = 6.71e-3;
Lq =6.71e-3;
Pn = 4;
lambda = 0.175;